o,o,299,74
o,d,161,58
d, ,12914,84
 ,l,271,91
l,u,1619,69
u,c,311,91
c,k,233,126
k, ,442,117
n, ,323,146
 ,n,562,-1,57927E+12
n,n,34,-1,57927E+12
n,n,34,-1,57927E+12
n,n,35,-1,57927E+12
n,n,34,-1,57927E+12
n,n,35,-1,57927E+12
n,n,34,-1,57927E+12
n,n,33,-1,57927E+12
n,n,36,-1,57927E+12
n,n,34,-1,57927E+12
n,n,35,-1,57927E+12
n,n,35,-1,57927E+12
n,n,34,-1,57927E+12
n,n,34,-1,57927E+12
n,n,35,-1,57927E+12
n,n,34,-1,57927E+12
n,n,34,-1,57927E+12
n,n,34,-1,57927E+12
n,n,36,-1,57927E+12
n,n,34,-1,57927E+12
n,n,35,-1,57927E+12
n,n,35,-1,57927E+12
n,n,34,-1,57927E+12
n,n,37,-1,57927E+12
n,n,34,-1,57927E+12
n,n,35,-1,57927E+12
n,n,755,34
g,o,148,47
o,o,187,69
o,d,148,63
d, ,2156,77
 ,l,293,69
l,u,1061,69
u,c,479,64
c,k,446,65
k, ,1223,92
 , ,172,62
 , ,126,49
 , ,561,-1,57927E+12
 , ,33,-1,57927E+12
 , ,35,-1,57927E+12
 , ,33,-1,57927E+12
 , ,33,-1,57927E+12
 , ,37,-1,57927E+12
 , ,31,-1,57927E+12
 , ,33,-1,57927E+12
 , ,33,-1,57927E+12
 , ,35,-1,57927E+12
 , ,31,-1,57927E+12
 , ,34,-1,57927E+12
 , ,35,-1,57927E+12
 , ,34,-1,57927E+12
 , ,33,-1,57927E+12
 , ,34,-1,57927E+12
 , ,34,-1,57927E+12
 , ,33,-1,57927E+12
 , ,33,-1,57927E+12
 , ,34,-1,57927E+12
 , ,33,-1,57927E+12
 , ,34,-1,57927E+12
 , ,36,-1,57927E+12
 , ,33,-1,57927E+12
 , ,36,-1,57927E+12
 , ,35,-1,57927E+12
 , ,33,-1,57927E+12
 , ,33,-1,57927E+12
 , ,33,-1,57927E+12
 , ,34,-1,57927E+12
 , ,33,-1,57927E+12
 , ,34,-1,57927E+12
 , ,34,-1,57927E+12
 , ,32,-1,57927E+12
 , ,33,-1,57927E+12
 , ,36,-1,57927E+12
 , ,33,-1,57927E+12
 , ,33,-1,57927E+12
 , ,33,-1,57927E+12
 , ,34,-1,57927E+12
 , ,33,-1,57927E+12
 , ,33,-1,57927E+12
 , ,34,-1,57927E+12
 , ,34,-1,57927E+12
